40 
0 o
1 o
2 o
3 o
4 o
5 o
6 o
7 o
8 o
9 o
10 o
11 o
12 o
13 o
14 o
15 o
16 o
17 o
18 o
19 o
20 o
21 o
22 o
23 o
24 o
25 o
26 o
27 o
28 o
29 o
30 o
31 o
32 o
33 o
34 o
35 o
36 o
37 o
38 o
39 o
21 S 1 37 1647 45
21 C 1
38 S 2 10 196 74
26 B 3 19 1520 62
38 C 2
26 C 3
13 S 4 27 4008 63
10 B 5 11 375 62
31 B 6 18 4637 15
3 B 7 36 1054 70
26 S 8 24 3218 73
13 C 4
39 B 9 4 3764 31
3 C 7
24 S 10 13 1218 19
0 B 11 31 4116 80
20 B 12 29 538 26
1 B 13 44 3059 67
35 S 14 31 2283 44
38 S 15 48 3379 5
39 B 16 37 1276 74
10 C 5
26 B 17 40 1446 23
33 S 18 23 4730 11
31 C 6
27 B 19 11 3776 81
38 C 15
17 B 20 22 58 84
39 C 9
9 S 21 23 3836 85
22 B 22 33 2737 14
20 C 12
24 C 10
9 C 21
4 B 23 11 2691 88
9 B 24 29 120 7
27 S 25 8 3905 56
3 S 26 14 2711 89
38 B 27 28 369 34
25 B 28 6 602 4
12 S 29 21 1883 66
6 S 30 41 2539 52
27 C 19
3 C 26
2 S 31 33 335 32
9 B 32 41 4351 55
9 S 33 9 2981 52
38 C 27
19 S 34 23 4531 26
14 S 35 10 226 33
3 S 36 3 1778 94
25 C 28
19 S 37 22 1927 49
33 C 18
26 S 38 16 638 100
22 C 22
23 S 39 47 4724 95
10 S 40 24 1986 30
8 B 41 3 3443 14
14 C 35
1 B 42 22 4465 75
3 B 43 30 3206 26
5 S 44 34 4885 75
4 C 23
26 C 17
39 B 45 38 1170 63
11 S 46 22 2637 83
10 C 40
12 C 29
37 B 47 1 2031 11
26 S 48 19 999 33
19 C 34
16 S 49 25 1839 95
4 B 50 14 364 18
13 B 51 45 897 26
19 B 52 4 4388 28
38 B 53 0 2757 70
17 S 54 11 559 53
5 C 44
20 S 55 12 2894 11
29 S 56 32 109 56
6 C 30
27 S 57 9 3492 38
4 B 58 30 3162 72
16 C 49
26 C 8
20 B 59 27 849 74
0 B 60 0 2320 78
20 C 55
16 B 61 30 952 22
17 C 54
9 B 62 27 2218 40
35 S 63 37 1987 32
15 B 64 10 1904 64
39 C 45
25 B 65 42 98 11
19 S 66 27 4264 100
9 B 67 49 3465 61
6 B 68 29 2747 13
17 C 20
8 S 69 49 3569 65
19 B 70 33 1834 5
29 C 56
23 B 71 23 2578 34
25 B 72 26 1112 80
16 S 73 23 622 16
3 C 43
21 B 74 1 1619 45
26 C 38
26 C 48
35 B 75 39 114 59
13 B 76 24 4965 40
21 C 74
0 C 11
23 C 39
22 S 77 43 2169 35
36 B 78 13 757 3
14 B 79 47 1218 60
25 C 65
39 S 80 47 4774 78
31 S 81 18 3190 85
16 B 82 27 1692 1
1 C 13
18 B 83 21 188 88
13 C 76
4 B 84 24 2204 39
19 C 66
8 S 85 37 1797 96
5 S 86 46 2974 56
15 S 87 32 3972 81
31 B 88 36 4757 75
31 C 88
39 S 89 11 3279 16
20 C 59
15 C 87
37 B 90 7 699 61
8 S 91 47 2564 43
6 S 92 4 4866 8
18 S 93 28 4633 96
29 B 94 19 4924 62
11 C 46
8 B 95 33 2101 6
16 C 82
6 C 92
17 S 96 20 3882 74
6 C 68
2 S 97 41 1966 27
35 S 98 24 3157 32
20 B 99 27 22 32
39 B 100 0 4671 38
23 C 71
0 C 60
13 B 101 9 3720 35
22 S 102 43 1649 64
16 B 103 7 2332 75
0 S 104 33 1675 99
18 C 83
22 C 77
32 S 105 48 2971 17
13 C 51
39 C 16
32 S 106 17 2930 81
7 S 107 18 2006 72
19 S 108 25 3912 69
30 S 109 4 1483 36
4 S 110 13 3755 64
4 C 58
33 S 111 46 1553 34
2 B 112 19 1434 82
28 B 113 3 4975 39
8 C 41
19 S 114 26 737 70
8 B 115 16 4652 71
25 B 116 42 581 40
25 S 117 33 1999 88
11 B 118 18 2154 14
10 B 119 29 3724 91
28 S 120 15 3566 55
21 B 121 39 3228 67
9 B 122 8 1501 83
36 B 123 21 1766 14
29 B 124 15 2415 5
24 S 125 28 71 33
36 B 126 44 3576 11
36 S 127 30 3660 73
29 S 128 6 512 89
28 B 129 6 2316 83
26 B 130 24 3640 46
13 B 131 7 2610 79
9 C 33
7 B 132 30 996 42
29 C 128
34 S 133 48 4103 57
5 B 134 49 2458 27
27 C 25
9 C 67
8 C 115
28 C 129
10 S 135 10 3727 92
21 S 136 44 1440 95
16 S 137 47 4894 54
33 S 138 46 3467 11
21 B 139 26 2555 62
39 C 89
4 B 140 14 2603 60
27 B 141 3 4562 40
14 S 142 46 1895 79
36 C 126
32 C 106
30 B 143 27 359 14
37 C 90
14 C 79
22 B 144 41 2998 53
28 B 145 14 965 26
20 C 99
39 B 146 20 3842 24
38 S 147 0 3619 16
13 B 148 15 4797 66
14 B 149 23 1576 60
22 C 102
31 C 81
30 B 150 30 513 57
33 C 111
10 S 151 43 4219 50
14 C 149
31 S 152 33 4543 25
39 C 100
1 S 153 1 3376 71
34 S 154 21 3610 61
25 C 72
8 C 69
16 B 155 38 3843 30
14 S 156 32 531 68
29 C 94
33 C 138
36 B 157 29 376 19
19 C 114
0 B 158 26 3060 75
36 S 159 0 3334 14
26 B 160 49 999 16
34 C 133
4 S 161 29 2596 99
16 C 73
4 C 161
38 S 162 31 3257 58
7 C 107
39 S 163 28 520 98
5 B 164 35 2028 35
1 B 165 11 3650 1
30 C 109
17 C 96
34 B 166 12 4213 13
37 S 167 12 4620 4
16 C 155
33 B 168 0 2771 97
37 S 169 49 1633 12
24 S 170 43 3785 51
27 S 171 49 3690 75
13 B 172 20 724 38
24 C 125
4 S 173 47 4691 34
31 S 174 19 213 98
20 S 175 17 2186 22
10 B 176 23 1303 67
10 B 177 44 278 59
19 B 178 38 4400 28
21 S 179 37 4440 31
35 C 98
8 B 180 27 26 86
5 C 164
3 B 181 26 3082 90
32 C 105
26 S 182 17 3975 73
27 C 141
19 B 183 5 1586 62
38 B 184 26 2627 47
20 C 175
36 S 185 1 263 46
11 B 186 11 1336 61
29 S 187 10 2549 21
12 S 188 38 2830 29
14 C 142
12 B 189 48 2547 12
13 C 148
6 B 190 47 2382 73
1 B 191 10 52 88
36 S 192 27 3076 16
36 C 192
27 S 193 15 758 53
14 B 194 36 1013 74
29 S 195 24 3526 6
18 S 196 3 1951 52
28 B 197 17 342 23
35 S 198 41 2697 88
8 S 199 9 3596 95
20 S 200 8 2099 85
29 B 201 7 908 43
18 C 196
32 S 202 40 1268 64
33 S 203 6 2991 56
27 C 171
24 B 204 41 990 10
11 B 205 40 497 26
34 B 206 33 3031 93
37 C 47
7 C 132
30 C 150
19 B 207 32 2909 3
12 S 208 28 3205 38
28 S 209 8 1235 14
10 S 210 25 3368 84
39 S 211 7 4426 89
4 C 173
13 B 212 28 4621 44
0 C 158
0 S 213 6 1249 67
5 C 134
31 C 174
34 C 166
10 C 177
10 C 176
10 C 210
8 S 214 7 295 61
13 S 215 30 564 68
17 B 216 45 2152 81
9 C 122
29 B 217 3 4059 53
10 S 218 47 619 42
24 C 170
24 S 219 47 1254 63
14 S 220 27 4465 39
38 C 162
20 B 221 17 1540 76
29 B 222 16 975 6
0 S 223 27 3270 91
39 C 80
4 S 224 28 4638 6
28 C 113
14 S 225 39 1362 51
29 C 124
1 B 226 33 640 8
27 S 227 12 457 52
4 C 84
33 B 228 42 4404 63
18 S 229 44 343 66
18 C 229
19 C 207
16 S 230 7 4204 43
15 B 231 45 4358 81
18 S 232 45 345 80
0 S 233 22 4233 1
31 B 234 25 4422 20
10 S 235 8 1098 97
39 B 236 47 3331 38
39 B 237 12 4820 90
36 C 123
14 S 238 6 3213 91
27 B 239 30 489 94
13 C 101
9 C 62
0 C 213
0 S 240 32 2298 42
17 B 241 18 1420 74
36 C 78
18 S 242 44 4982 42
29 B 243 45 934 89
14 B 244 17 3271 96
17 B 245 31 4277 63
29 C 195
23 B 246 30 2913 1
19 C 178
3 C 36
37 B 247 11 2036 77
25 B 248 15 4087 35
28 S 249 32 4159 9
30 S 250 12 2832 49
12 C 208
4 C 224
23 S 251 47 1319 64
26 C 130
32 S 252 13 2975 33
8 C 85
2 C 97
30 S 253 31 4485 26
30 B 254 4 3773 72
25 S 255 44 4655 62
5 S 256 10 899 40
1 S 257 21 2369 15
38 C 53
24 B 258 43 2578 41
4 B 259 43 4728 33
18 S 260 14 16 28
36 B 261 15 1353 61
32 B 262 36 2879 69
28 C 249
18 S 263 12 28 66
12 C 189
22 B 264 44 3427 2
32 S 265 48 1285 70
26 C 182
23 S 266 14 2362 88
26 B 267 16 3446 66
8 C 91
3 B 268 14 3275 91
15 B 269 2 1179 19
27 B 270 11 2511 62
6 B 271 49 151 62
5 C 256
39 S 272 18 3894 100
23 C 251
35 S 273 39 1235 71
18 S 274 2 2248 5
31 B 275 36 2700 16
27 S 276 2 3577 39
34 B 277 26 3672 26
34 B 278 47 3322 77
8 C 95
27 C 239
32 S 279 17 4741 44
16 C 137
19 S 280 4 1979 58
14 B 281 32 4104 65
39 S 282 2 587 62
35 C 75
13 S 283 35 4620 98
14 S 284 26 4630 89
31 C 275
14 B 285 47 892 53
13 C 172
34 C 206
23 S 286 20 1068 71
31 C 152
19 S 287 14 2206 20
0 B 288 16 18 78
17 S 289 21 2559 97
39 B 290 43 4804 87
39 C 211
37 B 291 31 1071 6
33 B 292 37 2123 22
39 C 236
17 S 293 37 1987 65
31 S 294 44 3955 2
36 C 159
4 C 259
2 S 295 25 1831 14
32 S 296 43 3558 20
37 S 297 1 4215 69
31 S 298 19 4635 50
35 B 299 6 2199 31
15 S 300 23 3178 71
5 S 301 37 355 98
26 S 302 40 276 20
20 C 200
7 S 303 36 3926 70
28 S 304 37 178 59
18 S 305 14 4784 88
19 C 280
37 B 306 37 1758 45
23 B 307 19 688 68
11 S 308 33 4859 47
9 B 309 10 3917 56
22 S 310 21 1547 31
7 B 311 42 2285 60
14 B 312 13 4086 29
9 B 313 1 2354 97
0 C 288
11 C 308
32 S 314 37 3973 21
14 B 315 7 2303 16
8 B 316 33 3039 65
1 C 165
32 C 202
35 C 14
24 B 317 24 3872 66
31 C 234
35 B 318 1 2574 26
8 B 319 33 2982 74
37 C 306
8 B 320 16 3111 48
9 S 321 34 1235 75
13 B 322 28 2038 93
1 C 42
28 C 209
22 S 323 2 1195 57
37 S 324 48 293 66
14 C 238
19 C 37
26 C 302
8 B 325 30 4465 37
17 B 326 41 1246 66
28 C 304
0 B 327 18 4469 18
37 S 328 46 535 70
25 C 116
17 C 241
1 C 191
17 C 289
16 S 329 17 4132 73
28 S 330 38 2638 27
2 B 331 6 1052 98
33 C 292
5 C 301
37 C 328
25 S 332 22 4260 76
24 S 333 30 2185 72
36 S 334 5 1071 23
24 C 219
28 S 335 21 3915 31
36 S 336 15 4845 83
28 B 337 40 3835 10
10 S 338 16 4704 16
21 C 136
14 B 339 15 122 7
26 S 340 31 1706 99
7 B 341 22 2733 12
36 C 261
18 S 342 7 4175 44
5 B 343 1 1035 49
26 C 267
22 C 144
4 B 344 44 4242 30
3 S 345 42 658 94
26 S 346 20 4174 31
37 B 347 22 4675 15
13 C 212
36 C 334
14 B 348 44 2400 14
23 C 246
38 C 184
8 B 349 45 4101 41
20 B 350 44 4653 8
31 B 351 39 3033 5
39 B 352 1 1941 41
16 C 61
23 S 353 30 4490 20
0 S 354 18 847 10
19 C 70
21 S 355 27 469 46
29 S 356 46 2712 33
23 C 307
19 S 357 42 1672 39
16 B 358 8 805 28
14 C 339
4 C 110
5 B 359 12 2899 34
15 C 64
29 C 187
38 S 360 49 2046 58
2 B 361 24 340 73
6 C 190
17 S 362 41 4492 54
30 B 363 10 1355 4
14 B 364 48 3703 48
3 C 268
26 B 365 41 2641 47
33 S 366 9 2464 25
6 B 367 14 4693 3
10 B 368 6 4587 98
36 S 369 41 3455 16
11 S 370 36 2087 15
34 S 371 41 2385 14
0 S 372 24 184 49
14 C 315
11 S 373 3 3009 45
24 S 374 43 4898 88
36 B 375 29 3642 11
22 B 376 14 2515 85
27 B 377 3 3703 19
11 B 378 43 3719 60
28 B 379 42 2699 28
2 B 380 38 1705 49
37 C 347
32 C 265
22 S 381 0 4397 34
37 C 169
11 B 382 45 1276 95
31 C 351
29 C 222
19 C 52
15 S 383 7 762 84
14 B 384 34 2987 74
23 S 385 31 1282 10
6 C 367
2 C 361
14 S 386 7 3394 94
8 B 387 47 971 50
0 C 104
6 B 388 8 3656 30
4 B 389 47 1131 3
4 B 390 20 1797 8
39 S 391 34 1424 5
27 B 392 43 3817 93
33 B 393 21 2813 32
13 B 394 10 139 19
15 S 395 39 1014 28
35 C 63
26 C 346
21 B 396 21 2047 85
4 B 397 30 2852 48
5 B 398 43 3791 30
4 B 399 5 4248 73
23 S 400 1 4 2
18 S 401 36 1229 51
30 B 402 34 188 82
15 C 231
1 B 403 0 4205 4
25 C 248
8 B 404 45 509 98
11 B 405 47 2015 34
18 C 232
22 C 323
34 C 277
25 C 117
37 S 406 38 2029 74
21 B 407 7 1371 51
39 S 408 41 4613 22
19 S 409 36 3475 54
13 C 283
4 C 390
30 S 410 45 1399 53
39 C 391
18 B 411 42 586 60
5 B 412 13 2090 60
6 B 413 39 2966 81
21 C 355
21 S 414 1 3644 18
37 B 415 41 4190 45
29 B 416 46 2749 38
36 B 417 36 1121 32
4 S 418 33 4140 51
11 B 419 7 3608 4
23 B 420 26 2739 11
21 S 421 36 290 22
27 B 422 11 4651 27
6 B 423 43 3426 37
36 S 424 46 666 13
18 C 242
1 B 425 44 1485 28
4 S 426 48 1842 94
22 S 427 27 3825 61
20 B 428 26 2906 34
12 S 429 43 1218 44
34 C 278
11 B 430 23 2775 98
35 C 299
36 B 431 47 270 78
39 B 432 49 3992 82
6 B 433 23 1704 86
17 S 434 7 2051 6
6 B 435 48 1175 33
7 S 436 36 3922 66
1 S 437 33 2131 80
11 C 373
28 C 197
14 C 364
21 S 438 23 2961 76
39 C 146
33 S 439 12 2042 87
8 S 440 42 1442 32
7 B 441 19 1835 37
21 B 442 4 4112 67
23 B 443 33 946 11
25 S 444 36 3022 11
14 C 348
10 C 135
39 C 290
29 B 445 12 504 12
12 S 446 10 3509 3
7 S 447 11 4534 32
3 S 448 42 3231 92
31 B 449 12 1927 87
34 B 450 35 66 77
11 S 451 7 3866 4
29 S 452 28 1250 70
2 C 295
7 C 447
34 B 453 21 2193 38
5 B 454 26 474 31
5 B 455 8 4722 52
24 S 456 31 4376 49
1 B 457 30 892 37
25 S 458 30 1439 92
8 S 459 8 660 54
19 B 460 38 1087 17
36 S 461 49 1083 88
30 S 462 7 2413 38
39 C 408
11 C 451
0 S 463 30 3825 87
34 C 371
20 S 464 42 4001 6
29 C 445
34 S 465 31 3719 72
14 B 466 8 4984 60
31 S 467 7 871 22
21 C 179
8 B 468 48 1809 20
21 S 469 36 1394 71
27 C 276
9 C 309
10 B 470 35 3275 14
21 B 471 17 4374 4
16 C 103
30 B 472 36 3532 43
39 C 282
5 C 412
17 B 473 18 3787 8
15 C 269
30 C 462
23 B 474 43 1463 36
28 B 475 45 4320 42
22 B 476 41 907 19
8 C 440
33 B 477 1 2995 63
38 B 478 8 562 63
5 S 479 14 570 94
10 B 480 45 2393 81
5 C 398
28 S 481 34 4093 48
8 S 482 47 2105 95
1 C 403
22 B 483 6 1074 30
8 S 484 16 3020 27
36 S 485 3 3363 81
28 B 486 23 3819 19
35 B 487 25 1056 29
13 B 488 46 2381 62
4 S 489 21 1650 29
17 C 362
13 B 490 45 3734 63
21 C 414
28 C 337
17 B 491 46 602 11
29 C 243
32 C 314
8 C 404
22 C 310
8 B 492 11 3495 40
39 S 493 30 4932 63
0 C 463
26 B 494 33 1846 94
11 C 118
7 S 495 43 1383 20
23 S 496 41 2936 78
4 C 489
12 C 188
25 C 458
26 C 160
37 C 297
24 S 497 23 1301 30
4 C 140
37 B 498 43 3843 12
27 C 422
21 C 407
22 S 499 33 3722 20
25 C 332
11 C 419
17 B 500 11 2933 26
22 S 501 4 660 95
18 S 502 28 1923 90
23 C 443
23 B 503 19 2615 93
36 B 504 28 779 42
13 C 131
23 B 505 39 1112 22
37 S 506 18 983 55
11 S 507 42 4838 95
7 S 508 40 3712 2
14 C 220
11 C 382
27 B 509 12 3041 47
28 S 510 0 150 55
3 B 511 5 4471 44
24 S 512 48 3009 50
5 B 513 38 1367 33
10 C 480
34 S 514 38 1446 55
8 B 515 47 1524 88
27 C 270
14 C 384
5 C 479
11 S 516 46 2275 6
2 B 517 38 2740 76
11 B 518 31 1398 3
16 B 519 17 391 86
29 B 520 5 51 96
22 S 521 31 2802 16
39 C 163
24 C 512
26 S 522 23 4206 73
31 S 523 30 1459 58
13 C 394
18 C 263
32 B 524 4 3907 65
29 B 525 32 3943 1
17 B 526 5 3988 75
16 C 519
22 B 527 1 867 69
32 C 279
19 B 528 47 2056 38
28 C 145
14 S 529 48 3686 99
28 C 481
20 S 530 24 3997 100
23 C 505
36 S 531 45 2273 1
25 B 532 49 702 18
31 B 533 38 3054 61
8 C 320
23 C 266
2 B 534 9 446 29
35 S 535 21 4402 12
25 S 536 15 133 17
20 C 530
35 C 487
2 S 537 20 3835 4
31 S 538 47 1808 69
16 B 539 1 919 92
24 B 540 38 1119 77
9 S 541 11 234 67
3 S 542 29 3403 86
12 S 543 45 4940 21
26 C 522
14 C 529
36 C 375
24 S 544 2 4343 18
28 B 545 35 1705 2
27 S 546 24 2652 86
22 S 547 21 1854 39
21 B 548 29 891 30
38 S 549 43 3079 82
17 S 550 19 3705 73
3 C 511
21 S 551 20 1622 50
24 C 374
25 C 532
31 C 298
11 C 430
19 S 552 28 4655 70
36 B 553 29 2483 89
36 B 554 36 105 71
21 S 555 38 790 75
8 C 319
31 B 556 20 4387 34
36 C 336
8 C 484
39 C 272
37 S 557 44 4573 98
16 C 230
20 C 428
4 S 558 49 383 97
35 C 198
31 S 559 18 3861 67
13 B 560 25 336 83
8 B 561 41 2447 93
0 B 562 32 3036 84
2 S 563 17 1924 24
34 C 154
2 C 534
12 C 446
24 S 564 16 1138 37
5 S 565 39 1672 82
20 B 566 1 4897 63
20 S 567 36 3069 42
2 B 568 20 3509 23
26 S 569 6 1537 37
34 B 570 14 4647 2
22 C 376
34 B 571 46 1478 85
16 S 572 7 1538 70
14 S 573 19 2866 40
22 S 574 33 4460 100
0 B 575 4 3238 22
37 C 406
36 S 576 39 3101 46
28 C 330
24 C 333
17 S 577 9 1931 86
30 S 578 7 2492 6
29 C 452
25 B 579 26 985 91
22 C 264
37 S 580 43 4724 60
33 C 366
35 B 581 29 651 59
8 S 582 49 2872 55
2 C 331
38 C 360
9 S 583 13 209 96
21 S 584 20 4046 71
21 C 471
36 C 576
12 S 585 40 4264 31
36 C 424
34 B 586 44 3606 68
5 B 587 7 3123 86
36 S 588 27 3291 34
2 C 31
11 B 589 21 3452 59
28 S 590 36 2709 63
34 C 465
16 B 591 2 1945 96
17 S 592 2 3475 32
1 B 593 42 4691 43
22 C 483
9 S 594 43 3847 57
14 C 281
24 S 595 20 1528 28
6 B 596 32 1563 80
27 C 227
22 S 597 41 3320 93
36 C 485
21 B 598 24 4503 19
14 C 312
8 B 599 5 2619 76
22 C 527
7 B 600 20 1293 28
19 S 601 13 1029 85
6 C 388
38 S 602 42 939 56
8 S 603 45 3769 85
3 B 604 44 2294 83
30 C 254
7 S 605 7 3314 56
14 S 606 45 2929 3
1 B 607 4 56 43
26 B 608 39 2614 71
23 S 609 19 1917 91
10 B 610 47 4637 97
4 S 611 27 1349 94
27 S 612 37 1446 84
15 S 613 19 4059 6
13 B 614 34 3716 91
0 C 327
6 C 423
21 B 615 15 3466 62
4 B 616 23 3424 96
32 S 617 36 206 38
13 S 618 24 3376 90
20 S 619 44 4777 55
0 C 240
39 S 620 11 186 79
34 B 621 10 4127 97
31 B 622 38 2572 75
3 C 345
22 C 476
13 S 623 30 1185 64
20 C 221
22 B 624 23 2188 81
6 C 413
8 C 459
21 C 548
8 C 349
21 B 625 48 3741 33
33 B 626 34 1762 65
28 C 486
38 S 627 5 765 64
20 C 567
24 B 628 7 1695 28
26 C 340
25 S 629 22 3650 38
37 S 630 49 3507 28
19 C 409
4 B 631 30 3794 49
11 S 632 18 2805 98
33 B 633 44 2484 64
18 B 634 37 4515 74
11 B 635 12 2159 64
24 B 636 44 3556 41
38 B 637 27 2906 52
10 B 638 29 155 53
25 C 255
20 B 639 28 3779 73
30 B 640 49 3948 88
23 B 641 28 683 17
14 C 284
5 C 587
2 B 642 14 4884 10
17 C 592
34 C 453
26 B 643 4 145 49
6 B 644 13 2146 78
35 B 645 37 3200 35
27 C 57
7 S 646 46 2778 42
17 B 647 13 1182 28
4 S 648 4 1766 75
32 S 649 47 3245 5
31 C 538
19 C 108
18 C 93
18 C 411
22 B 650 26 3460 44
18 C 634
6 S 651 24 275 93
14 S 652 13 2747 46
30 S 653 20 217 2
29 C 201
33 S 654 40 3210 92
14 C 194
37 S 655 24 3529 66
37 B 656 34 2404 84
1 S 657 47 4497 52
14 B 658 18 3307 63
29 S 659 26 191 23
5 C 565
35 B 660 43 1887 26
28 C 379
16 S 661 14 1936 52
10 S 662 49 4617 47
15 B 663 26 1910 69
2 B 664 16 4552 44
3 B 665 37 4323 79
27 B 666 4 4210 79
3 B 667 12 4957 6
32 B 668 7 2062 94
5 S 669 9 1939 7
1 S 670 20 447 98
31 C 449
36 S 671 49 1073 20
37 B 672 36 1126 48
36 S 673 39 4438 93
0 C 223
10 C 119
22 C 574
23 C 353
27 B 674 33 1408 41
28 C 335
16 C 539
20 B 675 28 4142 17
27 B 676 7 463 45
33 B 677 1 3785 79
39 B 678 32 3668 76
38 B 679 29 3520 8
5 S 680 19 3487 94
4 C 397
9 B 681 20 1043 99
32 B 682 16 2050 32
5 B 683 5 3651 59
36 C 157
38 C 637
0 B 684 22 4666 4
13 B 685 34 3713 17
19 B 686 15 2271 55
36 C 127
38 B 687 19 2657 52
4 S 688 40 41 82
12 B 689 30 3028 23
23 C 641
12 S 690 1 403 86
35 S 691 43 1425 99
24 B 692 26 676 36
8 S 693 26 296 9
10 B 694 15 4576 99
36 C 553
31 S 695 35 149 37
10 B 696 23 2969 7
7 C 436
13 B 697 41 3054 56
31 B 698 38 2306 84
27 B 699 14 3641 43
11 B 700 8 3150 55
8 S 701 49 155 86
21 C 421
25 B 702 4 1805 23
24 B 703 0 3106 47
25 S 704 28 2134 75
3 C 667
5 C 359
21 C 598
16 B 705 15 2391 51
36 B 706 47 3852 26
16 S 707 18 2761 44
16 S 708 3 793 17
18 C 260
11 C 518
19 S 709 0 3012 72
26 C 365
11 C 405
12 B 710 31 1958 29
39 B 711 47 357 24
18 C 342
20 C 350
25 S 712 21 1515 22
11 S 713 28 2660 90
32 C 262
1 B 714 31 4861 49
14 C 606
4 S 715 9 166 93
20 S 716 13 4770 30
31 C 695
33 B 717 3 3680 96
15 S 718 27 2629 91
29 C 217
9 C 681
35 S 719 25 2373 18
15 C 613
21 B 720 27 1289 13
34 C 570
28 B 721 15 4936 53
39 B 722 24 2643 22
30 B 723 38 3639 85
20 C 675
26 B 724 7 2620 71
7 C 495
36 B 725 36 2636 71
5 B 726 42 2158 59
8 C 582
12 C 690
21 S 727 35 4803 22
28 B 728 49 3276 97
6 B 729 21 3378 3
13 C 488
11 B 730 45 1920 85
13 B 731 36 4489 88
28 C 510
16 S 732 43 4976 77
34 C 621
24 B 733 41 3356 65
26 S 734 8 1371 20
21 S 735 42 2767 98
14 C 156
15 B 736 34 3209 31
17 S 737 36 3447 75
1 S 738 37 2226 76
8 B 739 1 4805 22
12 S 740 31 803 56
26 B 741 21 245 80
18 S 742 8 2577 30
18 S 743 36 500 74
19 S 744 30 2349 41
24 B 745 35 1242 59
8 C 316
20 B 746 6 2754 46
23 S 747 6 1591 93
1 S 748 16 4345 59
25 S 749 22 2722 11
31 C 556
15 B 750 15 1184 42
19 S 751 11 68 93
5 S 752 33 4223 33
8 C 599
13 S 753 36 4746 50
16 B 754 11 2421 58
12 B 755 40 2294 40
19 B 756 44 1178 58
17 S 757 31 2104 23
28 B 758 11 4214 11
11 S 759 29 607 24
17 S 760 4 3680 72
18 C 401
27 S 761 30 2562 56
20 B 762 25 3708 76
9 B 763 7 2446 95
8 S 764 20 863 62
31 C 523
26 S 765 12 1040 87
34 C 571
1 C 257
23 S 766 31 3151 96
21 S 767 16 3321 8
33 S 768 49 282 21
23 C 400
36 C 504
28 S 769 38 2514 92
22 B 770 39 912 45
23 C 286
34 C 586
39 B 771 33 4790 22
9 C 594
24 C 540
24 S 772 5 2917 5
35 B 773 2 871 81
7 B 774 0 3907 30
39 C 352
11 C 589
15 B 775 12 4214 17
28 S 776 19 3155 75
21 C 584
31 B 777 4 2360 8
3 C 665
22 C 770
14 B 778 28 2316 28
33 C 168
4 B 779 40 3982 8
10 B 780 10 2166 22
39 B 781 9 2282 35
8 C 387
22 B 782 25 2968 4
1 B 783 21 665 87
9 S 784 46 1293 19
31 C 777
33 C 477
16 C 732
7 S 785 4 4518 64
13 C 685
3 S 786 15 4624 23
26 S 787 36 2730 95
30 C 250
6 S 788 18 3962 47
4 C 344
39 S 789 37 4189 28
13 S 790 0 1852 99
36 C 185
23 B 791 45 1159 2
1 C 714
9 B 792 39 636 29
4 C 616
15 B 793 1 1109 46
34 S 794 33 3192 48
22 C 499
10 C 338
8 B 795 9 4697 77
19 S 796 23 542 28
16 S 797 39 4139 81
21 C 121
34 B 798 27 4665 26
4 S 799 47 990 40
31 B 800 12 4543 6
24 S 801 42 3583 38
23 C 503
38 S 802 37 4195 91
23 C 385
8 C 482
36 C 461
33 S 803 40 4472 85
38 C 802
17 S 804 18 4850 54
33 C 393
23 B 805 37 4954 37
21 S 806 47 3715 99
39 S 807 5 1022 89
12 B 808 21 3991 7
25 C 444
35 C 719
35 S 809 48 560 54
34 C 798
10 B 810 1 2487 30
16 S 811 31 2408 2
9 C 784
2 S 812 10 2758 89
21 B 813 19 1658 67
6 C 788
18 S 814 43 3272 75
23 S 815 25 4569 71
13 S 816 7 2603 86
8 C 701
24 C 456
0 B 817 36 2744 10
32 B 818 40 442 75
36 S 819 43 4924 74
4 B 820 32 1866 13
6 B 821 8 3073 82
24 S 822 34 577 6
17 C 757
32 S 823 7 4790 11
24 B 824 27 249 76
29 S 825 3 3485 76
27 C 612
7 S 826 44 1579 59
31 C 698
2 B 827 1 4221 78
17 C 473
18 B 828 0 1806 17
25 C 702
28 B 829 21 2333 13
36 C 531
5 S 830 30 4162 2
14 B 831 12 3685 36
3 B 832 35 4137 6
18 S 833 35 790 79
12 S 834 31 3714 100
7 S 835 29 494 12
4 S 836 18 4399 15
33 B 837 45 2579 36
17 C 760
33 B 838 5 2782 91
32 B 839 43 4624 50
38 C 478
14 C 386
27 S 840 27 2873 62
20 S 841 17 4465 97
20 S 842 9 3380 14
5 S 843 32 2941 92
3 S 844 3 4956 66
25 S 845 10 791 2
32 C 668
2 S 846 11 2537 50
3 C 181
20 B 847 25 2297 29
36 S 848 26 438 15
4 C 779
4 S 849 8 4287 20
0 C 354
17 C 491
4 B 850 45 427 67
27 C 509
27 C 699
39 C 432
32 B 851 48 1923 77
16 B 852 24 1325 29
33 C 203
30 B 853 20 2838 56
29 S 854 22 1979 96
35 S 855 42 4993 2
14 C 658
6 C 651
17 B 856 25 3807 10
4 C 836
19 S 857 47 3054 4
32 B 858 19 2258 26
19 S 859 14 2714 69
29 C 659
28 B 860 23 3102 13
23 S 861 24 2496 95
19 C 183
12 B 862 43 4968 92
30 S 863 28 2977 89
38 B 864 34 3739 34
25 C 704
5 S 865 0 3490 42
28 S 866 17 207 61
24 B 867 36 3413 2
20 C 847
29 B 868 19 4636 12
16 C 591
11 C 205
3 B 869 32 4054 8
2 S 870 31 1126 72
8 S 871 12 1764 12
0 S 872 0 372 64
3 B 873 0 579 7
22 B 874 19 3212 16
37 S 875 47 4364 74
5 S 876 9 210 48
23 S 877 37 3965 50
17 C 577
29 C 868
38 S 878 47 1005 5
33 S 879 15 3869 46
25 B 880 13 3604 6
24 C 628
6 C 644
15 S 881 39 4871 42
17 C 293
14 C 778
9 B 882 6 4025 18
25 S 883 7 2245 56
26 B 884 23 1021 7
20 B 885 8 3347 90
6 S 886 47 3475 84
5 S 887 46 3886 48
10 C 780
6 S 888 3 4813 31
21 C 625
30 C 410
9 C 541
15 B 889 24 1328 77
15 C 718
13 S 890 6 917 44
19 B 891 12 424 8
23 C 609
25 C 749
4 S 892 40 1044 85
34 C 514
26 B 893 18 714 7
1 S 894 13 2108 33
7 S 895 37 621 57
29 B 896 26 4146 7
7 B 897 18 3127 54
2 S 898 47 3951 58
34 B 899 40 4408 19
15 C 383
14 B 900 47 864 64
29 C 520
22 B 901 22 3201 72
13 B 902 21 45 16
30 S 903 16 3496 63
4 S 904 48 1276 55
12 S 905 44 4082 81
22 C 501
6 S 906 31 747 7
24 S 907 36 179 73
17 S 908 48 4120 44
18 S 909 7 865 43
31 S 910 16 4527 17
14 B 911 7 1335 38
22 B 912 45 1705 12
10 B 913 28 1974 54
19 S 914 49 849 60
29 C 356
11 C 759
3 S 915 41 3465 43
15 C 395
39 B 916 44 2972 80
35 B 917 29 3202 8
23 B 918 38 1649 4
26 C 893
17 B 919 48 1405 75
9 S 920 7 2243 62
4 C 648
20 B 921 35 4609 24
24 S 922 4 3859 90
19 B 923 21 342 59
8 S 924 30 891 78
33 C 837
26 C 734
19 B 925 9 4650 23
25 C 712
24 S 926 10 4501 97
5 C 726
39 C 237
30 C 402
1 C 607
26 S 927 0 999 57
17 C 647
20 B 928 14 1397 8
20 S 929 43 3828 76
12 B 930 11 620 8
37 S 931 45 2206 54
8 C 561
35 S 932 26 4841 61
28 C 776
8 S 933 2 3349 93
10 B 934 12 2552 14
4 B 935 46 756 92
36 C 848
22 B 936 20 1945 72
36 B 937 7 1452 40
19 S 938 30 1928 100
22 B 939 9 4322 23
32 C 823
15 C 300
39 S 940 17 4468 9
34 S 941 40 2250 91
12 S 942 38 3455 71
39 B 943 33 1605 9
11 S 944 10 449 45
13 S 945 26 2217 1
19 C 938
12 S 946 9 4941 5
24 C 822
16 S 947 49 956 98
23 C 815
5 C 86
15 S 948 43 1206 37
30 B 949 23 3785 37
5 B 950 45 4814 48
21 C 720
26 C 494
24 B 951 27 801 30
2 C 898
21 B 952 28 1955 19
35 S 953 45 654 10
13 C 560
13 S 954 32 1219 14
38 B 955 3 3021 26
12 B 956 39 4573 63
25 B 957 37 4637 32
10 B 958 4 214 48
30 S 959 8 575 99
9 C 313
0 B 960 18 486 8
18 C 833
33 B 961 33 2334 71
38 S 962 29 4787 55
5 S 963 26 4321 40
11 C 944
5 B 964 39 1035 10
7 C 508
2 C 812
3 S 965 20 2271 27
23 B 966 13 2954 79
9 B 967 32 3357 35
1 C 670
32 S 968 0 4293 9
38 S 969 47 31 86
13 C 731
35 C 645
14 B 970 23 1192 28
4 C 631
34 B 971 49 3736 12
9 S 972 44 3870 12
16 C 707
31 S 973 26 4878 44
32 C 968
1 C 783
33 B 974 6 1037 40
1 B 975 29 3130 12
23 C 861
26 B 976 47 4907 18
37 S 977 17 457 28
0 S 978 2 4044 69
15 C 889
27 B 979 16 837 38
16 C 811
19 C 925
34 S 980 1 3595 2
24 C 824
19 C 914
30 B 981 31 4854 43
37 S 982 6 1602 9
34 S 983 16 766 75
7 B 984 45 1711 94
14 S 985 33 517 56
38 C 602
4 C 799
33 C 838
27 C 761
27 B 986 24 3718 4
27 C 674
11 C 516
4 S 987 38 91 80
25 S 988 26 4519 47
0 C 684
19 C 796
33 B 989 35 95 84
26 C 643
7 S 990 4 3604 66
25 C 536
4 C 611
13 S 991 32 4665 79
9 B 992 20 1583 52
20 B 993 20 1838 88
16 C 329
4 B 994 39 4441 91
10 B 995 40 588 29
29 S 996 42 233 99
2 C 563
33 S 997 49 1513 23
21 S 998 31 4043 69
35 B 999 14 3131 43
8 C 492
14 S 1000 34 2114 22
29 B 1001 7 452 70
16 S 1002 49 1976 18
4 C 715
38 B 1003 5 3420 55
9 C 583
2 C 568
8 C 795
22 S 1004 10 4491 30
0 S 1005 4 1307 55
19 B 1006 37 2026 64
1 B 1007 14 3827 75
27 S 1008 45 688 18
30 B 1009 24 3301 15
4 S 1010 34 4822 39
11 S 1011 13 1075 59
38 S 1012 26 2752 59
38 C 679
4 B 1013 28 4398 41
10 C 470
15 S 1014 27 4849 45
0 S 1015 13 2208 59
35 S 1016 18 2170 19
5 C 343
24 C 544
39 C 916
15 S 1017 34 236 44
14 B 1018 44 3614 94
36 B 1019 37 986 54
3 C 915
14 B 1020 0 4078 86
17 S 1021 43 4740 25
8 C 468
3 B 1022 20 2626 48
24 C 595
34 B 1023 46 72 78
39 S 1024 29 336 33
16 S 1025 47 1891 98
0 S 1026 5 1733 12
4 S 1027 16 2027 52
4 B 1028 4 1023 76
10 C 694
24 S 1029 13 2119 51
23 S 1030 1 1153 29
15 C 736
12 S 1031 2 2686 98
35 C 660
0 S 1032 40 2709 89
1 B 1033 4 2627 81
32 C 839
4 C 389
1 B 1034 49 4722 49
8 S 1035 30 4298 89
39 B 1036 11 4718 89
1 C 975
18 S 1037 20 3722 68
36 B 1038 33 1686 39
36 B 1039 45 4208 71
29 B 1040 23 3143 99
12 C 689
5 C 876
27 S 1041 26 4425 89
18 S 1042 5 1019 30
12 C 946
0 B 1043 20 2876 54
26 C 884
36 B 1044 8 1326 33
37 S 1045 16 2838 67
27 B 1046 41 3132 26
33 S 1047 40 4317 62
33 C 626
13 B 1048 8 1306 59
7 C 311
39 S 1049 49 3092 12
28 C 545
29 B 1050 3 4245 66
29 S 1051 47 758 36
11 B 1052 0 2800 38
27 B 1053 41 927 30
24 B 1054 4 1086 40
4 C 904
19 C 460
14 S 1055 23 1522 96
35 S 1056 40 488 76
24 S 1057 22 4525 6
22 S 1058 13 2794 4
17 S 1059 31 1236 26
38 B 1060 48 630 93
31 S 1061 25 4255 3
5 C 683
16 S 1062 45 3579 55
24 S 1063 45 981 62
38 B 1064 19 4032 61
32 C 851
18 C 814
23 C 1030
27 B 1065 21 3333 84
32 B 1066 10 2112 49
32 B 1067 27 2738 73
38 S 1068 47 837 25
28 S 1069 36 534 3
1 S 1070 21 348 49
35 C 273
16 S 1071 29 504 32
38 S 1072 40 189 77
3 B 1073 5 4503 51
38 C 687
8 S 1074 7 2842 22
19 C 859
30 C 723
26 S 1075 21 3982 100
28 C 475
38 S 1076 27 4573 43
20 C 619
16 S 1077 48 2475 13
28 B 1078 44 2887 50
15 C 775
25 B 1079 44 862 45
35 C 1056
21 B 1080 7 83 71
24 C 1029
2 B 1081 11 68 90
13 S 1082 14 2813 82
26 S 1083 29 2439 73
38 C 969
37 B 1084 44 1904 11
14 S 1085 13 3434 64
32 B 1086 42 487 35
0 C 978
21 S 1087 42 2503 4
4 B 1088 7 986 49
26 B 1089 15 357 99
17 B 1090 49 4669 60
13 B 1091 1 4733 91
30 B 1092 5 4435 76
28 C 120
4 C 820
26 C 787
39 C 1049
37 C 1045
5 S 1093 3 12 48
21 S 1094 16 1950 52
30 C 903
12 B 1095 9 2316 21
21 C 551
15 B 1096 24 1754 99
14 C 573
33 B 1097 15 3037 85
24 S 1098 12 3628 55
13 S 1099 15 4905 38
2 C 642
0 S 1100 28 4856 40
35 S 1101 38 4132 46
17 C 550
38 S 1102 44 1367 87
14 B 1103 16 4214 19
21 S 1104 45 1291 72
22 C 381
11 C 1052
27 C 193
7 C 984
2 S 1105 28 3279 63
32 S 1106 4 565 24
5 B 1107 48 4259 78
2 C 1081
19 S 1108 25 646 93
4 B 1109 42 1507 39
36 C 706
28 B 1110 31 1223 13
22 B 1111 44 2209 91
12 C 808
20 S 1112 1 1666 40
39 B 1113 38 3903 41
6 S 1114 24 3890 51
36 C 1044
22 B 1115 39 2671 97
16 C 947
19 B 1116 15 4624 82
31 S 1117 31 1501 86
11 C 632
27 S 1118 41 1895 87
20 B 1119 7 4223 56
27 B 1120 6 1269 94
16 C 708
2 S 1121 34 4563 67
1 C 748
12 C 956
13 C 618
23 S 1122 10 3110 58
39 C 781
15 B 1123 18 908 76
14 B 1124 26 3985 64
26 B 1125 40 1939 23
13 B 1126 41 455 18
33 S 1127 38 2404 32
13 S 1128 47 1393 1
26 B 1129 2 68 83
17 B 1130 16 4229 13
1 B 1131 2 1538 2
15 B 1132 43 3960 31
15 B 1133 17 1159 21
14 S 1134 21 4799 94
20 B 1135 41 620 3
8 B 1136 25 1602 37
30 S 1137 31 1359 82
11 B 1138 10 67 88
22 B 1139 30 315 75
33 C 974
25 S 1140 8 1710 34
25 B 1141 31 3937 51
7 B 1142 24 1396 32
1 B 1143 38 1671 52
15 C 1132
17 C 526
21 B 1144 41 1736 78
23 B 1145 41 176 63
21 C 396
2 C 870
4 C 1088
22 S 1146 4 4455 55
15 C 750
23 B 1147 6 3096 9
38 C 1102
18 S 1148 8 4822 3
36 B 1149 44 4459 22
6 C 435
15 B 1150 8 1004 84
13 C 753
33 S 1151 7 2084 69
22 B 1152 30 2746 49
7 B 1153 33 4569 46
32 S 1154 42 2345 78
17 C 500
15 S 1155 29 2187 23
13 S 1156 44 4907 30
9 S 1157 40 897 29
11 S 1158 42 481 92
22 S 1159 6 112 89
19 S 1160 39 256 42
0 C 562
37 C 580
13 B 1161 14 4484 57
29 C 1001
18 S 1162 42 438 28
29 B 1163 12 1876 55
9 C 32
33 B 1164 8 1337 34
28 C 1069
4 C 935
28 S 1165 45 4297 57
7 S 1166 37 4521 92
26 S 1167 25 3226 32
32 S 1168 33 3019 82
8 B 1169 33 4036 57
12 B 1170 36 2550 5
36 B 1171 31 3789 6
25 B 1172 13 1922 6
20 C 928
16 B 1173 14 792 2
36 C 417
19 C 528
6 C 729
30 B 1174 0 2498 6
35 C 773
15 S 1175 26 1707 35
26 C 569
0 S 1176 46 1892 6
32 C 252
7 S 1177 11 3064 61
6 B 1178 32 3301 78
21 S 1179 32 1443 69
1 B 1180 45 1903 55
36 B 1181 8 3078 84
36 C 369
28 S 1182 41 1546 58
18 B 1183 40 3079 97
32 S 1184 30 3518 23
9 C 24
10 C 638
19 C 751
17 C 804
39 S 1185 11 3666 36
10 B 1186 43 4249 60
5 B 1187 39 2479 62
32 S 1188 46 1473 38
37 S 1189 16 4572 72
9 S 1190 0 931 1
27 S 1191 7 880 82
26 C 976
34 C 980
27 S 1192 13 2087 53
13 C 1128
3 B 1193 29 2817 79
12 C 1031
31 S 1194 32 3189 66
35 C 809
39 S 1195 21 2464 18
12 S 1196 41 1931 51
14 C 1018
30 C 253
33 S 1197 23 2851 11
37 C 656
1 C 1033
31 C 910
6 S 1198 25 1119 63
14 C 1020
26 S 1199 3 3813 72
23 C 805
5 S 1200 36 4296 24
14 S 1201 30 2262 66
37 S 1202 40 3265 95
23 B 1203 43 3108 63
5 C 843
17 S 1204 8 3525 32
13 S 1205 20 3531 98
29 S 1206 35 612 94
19 C 1160
16 B 1207 12 1166 71
28 B 1208 18 111 96
5 C 964
11 C 370
22 B 1209 37 4207 66
29 S 1210 43 3220 14
10 C 934
10 B 1211 2 4638 86
36 C 1149
17 C 1090
36 C 725
18 S 1212 28 3077 99
8 S 1213 21 3603 79
26 S 1214 13 2765 15
25 B 1215 31 2020 77
32 C 1066
35 S 1216 1 2452 66
35 C 581
27 C 1065
31 C 973
7 C 441
38 S 1217 8 3004 53
36 B 1218 45 1830 14
2 B 1219 6 378 3
15 S 1220 33 4096 87
38 B 1221 5 7 23
13 B 1222 5 4901 8
36 B 1223 42 4714 42
11 B 1224 36 2646 22
2 C 1121
20 C 841
21 B 1225 39 3954 70
14 B 1226 12 4696 39
21 C 555
2 B 1227 2 2016 35
2 S 1228 25 4439 13
27 S 1229 13 3538 36
39 C 943
19 S 1230 10 865 67
33 B 1231 45 4970 8
17 B 1232 9 3503 83
0 S 1233 31 3488 97
5 C 455
36 S 1234 9 4315 14
0 S 1235 35 4634 10
13 B 1236 5 327 68
28 C 721
33 S 1237 28 4745 16
22 S 1238 37 856 2
30 C 653
36 S 1239 29 2870 87
31 B 1240 32 3724 42
20 S 1241 1 2591 91
9 C 1190
7 S 1242 33 1720 36
0 C 1176
23 B 1243 29 858 43
14 C 985
1 C 657
33 C 1047
37 C 977
0 B 1244 12 3273 70
27 B 1245 27 3344 21
28 B 1246 41 101 13
19 B 1247 36 1408 100
14 B 1248 35 525 39
3 B 1249 20 3580 100
12 S 1250 27 600 85
38 C 1221
2 S 1251 42 162 11
23 B 1252 2 1396 74
28 C 829
21 B 1253 14 4742 58
34 C 794
13 B 1254 27 3948 53
20 B 1255 49 760 51
27 C 1041
3 C 1073
37 S 1256 12 4876 30
3 S 1257 38 752 57
5 C 513
24 B 1258 40 3309 19
29 S 1259 12 1122 49
7 B 1260 13 2854 4
33 B 1261 0 3259 67
9 S 1262 25 2840 26
8 C 1136
32 S 1263 45 1746 32
10 S 1264 14 3210 38
9 S 1265 11 4904 79
15 S 1266 3 2266 79
0 C 1026
16 C 1025
5 B 1267 15 3613 35
7 B 1268 31 1617 17
33 S 1269 5 1875 58
12 B 1270 28 3857 31
11 B 1271 21 3717 84
20 B 1272 19 1281 34
26 C 1083
9 S 1273 48 4528 38
24 B 1274 19 807 88
3 C 965
38 S 1275 3 2281 40
14 B 1276 30 994 27
8 S 1277 33 635 72
30 S 1278 0 875 73
1 B 1279 14 2502 49
3 S 1280 14 4269 51
25 C 957
27 B 1281 42 3575 19
22 C 1159
33 B 1282 32 110 42
28 C 1182
36 B 1283 8 2025 31
14 C 1103
1 C 738
10 B 1284 46 2842 1
30 C 578
26 B 1285 6 464 8
13 B 1286 11 3468 51
39 S 1287 48 4493 87
28 S 1288 47 4239 19
25 C 1079
32 B 1289 30 2817 31
17 S 1290 38 3497 5
12 C 710
13 C 1126
27 B 1291 36 715 94
15 S 1292 41 4776 88
3 C 1193
26 S 1293 41 2854 29
32 B 1294 31 3023 29
13 B 1295 5 755 96
16 S 1296 16 3692 24
13 C 1205
35 C 917
19 B 1297 39 3607 74
29 S 1298 40 2789 19
12 S 1299 25 279 52
8 B 1300 1 345 29
29 B 1301 11 987 52
3 C 869
21 S 1302 49 2551 61
22 B 1303 28 2677 67
9 B 1304 1 427 80
10 S 1305 23 332 54
4 C 1027
4 B 1306 36 2082 80
5 C 865
0 x
1 x
2 x
3 x
4 x
5 x
6 x
7 x
8 x
9 x
10 x
11 x
12 x
13 x
14 x
15 x
16 x
17 x
18 x
19 x
20 x
21 x
22 x
23 x
24 x
25 x
26 x
27 x
28 x
29 x
30 x
31 x
32 x
33 x
34 x
35 x
36 x
37 x
38 x
39 x
